% Programming Fundamentals Using MATLAB, Michael Weeks Copyright 2020
% 
% program_1_9.m

    empl= [135851, 3510, 5935, 34152, 21121, 15102, 34943, ...
    15318, 2401, 3368];
    unemp= [4941, 209, 462, 1652, 948, 434, 860, 280, 37, 59];

