% Programming Fundamentals Using MATLAB, Michael Weeks Copyright 2020
% 
%
% Circular of the National Bureau of Standards, Table 114,
% Polarimetry, Saccharimetry and the Sugars
% by Frederick J. Bates and Associates
% May 1, 1942, pages 632-636
% https://www.boulder.nist.gov/div838/SelectedPubs/Circular%20440%20Table%20114.pdf
%
% This version uses a trick: instead of a 2-D table, the 
% values are in an array. The index, divided by 10, is the Brix value.
% That is, instead of having a table of 0.0, 1.00000; 0.1, 1.00039; etc.,
% we have an array of 1.00000, 1.00039, etc., where the indices are
% 0, 1, ..., which correspond to Brix values of 0.0, 0.1, and so forth.
%
% TODO: 
%   Should we give a more precise Brix value?
%   For example, 20.4 corresponds to 1.08475, and
%                20.5 corresponds to 1.08520.
%   So if we convert 1.085 to Brix, should it be 20.4, 20.5, or something
%   in between? Since 1.085 is 25/45 units, or 55.6%, of the distance
%   between 20.4 and 20.5, should the result be 20.4 + 0.0556, or 20.4556? 
%
%

SPGarray = [1.00000, ... 
1.00039, ... 
1.00078, ... 
1.00117, ... 
1.00156, ... 
1.00194, ... 
1.00233, ... 
1.00272, ... 
1.00312, ... 
1.00351, ... 
1.00390, ... 
1.00429, ... 
1.00468, ... 
1.00507, ... 
1.00546, ... 
1.00585, ... 
1.00624, ... 
1.00663, ... 
1.00702, ... 
1.00741, ... 
1.00780, ... 
1.00819, ... 
1.00859, ... 
1.00898, ... 
1.00937, ... 
1.00977, ... 
1.01016, ... 
1.01055, ... 
1.01094, ... 
1.01134, ... 
1.01173, ... 
1.01213, ... 
1.01252, ... 
1.01292, ... 
1.01331, ... 
1.01371, ... 
1.01410, ... 
1.01450, ... 
1.01490, ... 
1.01529, ... 
1.01569, ... 
1.01609, ... 
1.01649, ... 
1.01688, ... 
1.01728, ... 
1.01768, ... 
1.01808, ... 
1.01848, ... 
1.01888, ... 
1.01928, ... 
1.01968, ... 
1.02008, ... 
1.02048, ... 
1.02088, ... 
1.02128, ... 
1.02168, ... 
1.02208, ... 
1.02248, ... 
1.02289, ... 
1.02329, ... 
1.02369, ... 
1.02409, ... 
1.02450, ... 
1.02490, ... 
1.02530, ... 
1.02571, ... 
1.02611, ... 
1.02652, ... 
1.02692, ... 
1.02733, ... 
1.02773, ... 
1.02814, ... 
1.02854, ... 
1.02895, ... 
1.02936, ... 
1.02976, ... 
1.03017, ... 
1.03058, ... 
1.03098, ... 
1.03139, ... 
1.03180, ... 
1.03221, ... 
1.03262, ... 
1.03303, ... 
1.03344, ... 
1.03385, ... 
1.03426, ... 
1.03467, ... 
1.03508, ... 
1.03549, ... 
1.03590, ... 
1.03631, ... 
1.03672, ... 
1.03713, ... 
1.03755, ... 
1.03796, ... 
1.03837, ... 
1.03879, ... 
1.03920, ... 
1.03961, ... 
1.04003, ... 
1.04044, ... 
1.04086, ... 
1.04127, ... 
1.04169, ... 
1.04210, ... 
1.04252, ... 
1.04293, ... 
1.04335, ... 
1.04377, ... 
1.04418, ... 
1.04460, ... 
1.04502, ... 
1.04544, ... 
1.04585, ... 
1.04627, ... 
1.04669, ... 
1.04711, ... 
1.04753, ... 
1.04795, ... 
1.04837, ... 
1.04879, ... 
1.04921, ... 
1.04963, ... 
1.05005, ... 
1.05047, ... 
1.05090, ... 
1.05132, ... 
1.05174, ... 
1.05216, ... 
1.05259, ... 
1.05301, ... 
1.05343, ... 
1.05386, ... 
1.05428, ... 
1.05470, ... 
1.05513, ... 
1.05556, ... 
1.05598, ... 
1.05641, ... 
1.05683, ... 
1.05726, ... 
1.05769, ... 
1.05811, ... 
1.05854, ... 
1.05897, ... 
1.05940, ... 
1.05982, ... 
1.06025, ... 
1.06068, ... 
1.06111, ... 
1.06154, ... 
1.06197, ... 
1.06240, ... 
1.06283, ... 
1.06326, ... 
1.06369, ... 
1.06412, ... 
1.06455, ... 
1.06499, ... 
1.06542, ... 
1.06585, ... 
1.06629, ... 
1.06672, ... 
1.06715, ... 
1.06759, ... 
1.06802, ... 
1.06845, ... 
1.06889, ... 
1.06933, ... 
1.06976, ... 
1.07020, ... 
1.07063, ... 
1.07107, ... 
1.07151, ... 
1.07194, ... 
1.07238, ... 
1.07282, ... 
1.07325, ... 
1.07369, ... 
1.07413, ... 
1.07457, ... 
1.07501, ... 
1.07545, ... 
1.07589, ... 
1.07633, ... 
1.07677, ... 
1.07721, ... 
1.07765, ... 
1.07809, ... 
1.07853, ... 
1.07898, ... 
1.07942, ... 
1.07986, ... 
1.08030, ... 
1.08075, ... 
1.08119, ... 
1.08164, ... 
1.08208, ... 
1.08252, ... 
1.08297, ... 
1.08342, ... 
1.08386, ... 
1.08431, ... 
1.08475, ... 
1.08520, ... 
1.08565, ... 
1.08609, ... 
1.08654, ... 
1.08699, ... 
1.08744, ... 
1.08789, ... 
1.08834, ... 
1.08879, ... 
1.08923, ... 
1.08968, ... 
1.09013, ... 
1.09058, ... 
1.09103, ... 
1.09149, ... 
1.09194, ... 
1.09239, ... 
1.09284, ... 
1.09329, ... 
1.09375, ... 
1.09420, ... 
1.09465, ... 
1.09511, ... 
1.09556, ... 
1.09602, ... 
1.09647, ... 
1.09693, ... 
1.09738, ... 
1.09784, ... 
1.09829, ... 
1.09875, ... 
1.09921, ... 
1.09966, ... 
1.10012, ... 
1.10058, ... 
1.10104, ... 
1.10149, ... 
1.10195, ... 
1.10241, ... 
1.10287, ... 
1.10333, ... 
1.10379, ... 
1.10425, ... 
1.10471, ... 
1.10517, ... 
1.10564, ... 
1.10610, ... 
1.10656, ... 
1.10702, ... 
1.10748, ... 
1.10795, ... 
1.10841, ... 
1.10887, ... 
1.10934, ... 
1.10980, ... 
1.11027, ... 
1.11073, ... 
1.11120, ... 
1.11166, ... 
1.11213, ... 
1.11260, ... 
1.11306, ... 
1.11353, ... 
1.11400, ... 
1.11447, ... 
1.11493, ... 
1.11540, ... 
1.11587, ... 
1.11634, ... 
1.11681, ... 
1.11728, ... 
1.11775, ... 
1.11822, ... 
1.11869, ... 
1.11916, ... 
1.11963, ... 
1.12010, ... 
1.12058, ... 
1.12105, ... 
1.12152, ... 
1.12199, ... 
1.12247, ... 
1.12294, ... 
1.12341, ... 
1.12389, ... 
1.12436, ... 
1.12484, ... 
1.12532, ... 
1.12579, ... 
1.12627, ... 
1.12674, ... 
1.12722, ... 
1.12770, ... 
1.12817, ... 
1.12865, ... 
1.12913, ... 
1.12961, ... 
1.13009, ... 
1.13057, ... 
1.13105, ... 
1.13153, ... 
1.13201, ... 
1.13249, ... 
1.13297, ... 
1.13345, ... 
1.13394, ... 
1.13442, ... 
1.13490, ... 
1.13538, ... 
1.13587, ... 
1.13635, ... 
1.13683, ... 
1.13732, ... 
1.13780, ... 
1.13829, ... 
1.13877, ... 
1.13926, ... 
1.13974, ... 
1.14023, ... 
1.14072, ... 
1.14120, ... 
1.14169, ... 
1.14218, ... 
1.14267, ... 
1.14316, ... 
1.14364, ... 
1.14413, ... 
1.14462, ... 
1.14511, ... 
1.14560, ... 
1.14609, ... 
1.14658, ... 
1.14708, ... 
1.14757, ... 
1.14806, ... 
1.14855, ... 
1.14904, ... 
1.14954, ... 
1.15003, ... 
1.15052, ... 
1.15102, ... 
1.15151, ... 
1.15201, ... 
1.15250, ... 
1.15300, ... 
1.15350, ... 
1.15399, ... 
1.15449, ... 
1.15498, ... 
1.15548, ... 
1.15598, ... 
1.15648, ... 
1.15698, ... 
1.15747, ... 
1.15797, ... 
1.15847, ... 
1.15897, ... 
1.15947, ... 
1.15997, ... %1.15597, ... % This value is bad.
1.16047, ... 
1.16098, ... 
1.16148, ... 
1.16198, ... 
1.16248, ... 
1.16298, ... 
1.16349, ... 
1.16399, ... 
1.16449, ... 
1.16500, ... 
1.16550, ... 
1.16601, ... 
1.16651, ... 
1.16702, ... 
1.16752, ... 
1.16803, ... 
1.16853, ... 
1.16904, ... 
1.16955, ... 
1.17006, ... 
1.17056, ... 
1.17107, ... 
1.17158, ... 
1.17209, ... 
1.17260, ... 
1.17311, ... 
1.17362, ... 
1.17413, ... 
1.17464, ... 
1.17515, ... 
1.17566, ... 
1.17618, ... 
1.17669, ... 
1.17720, ... 
1.17772, ... 
1.17823]; 


% Point out the problem
% disp('The chaotic value is at array index: ');
% for k=2:length(SPGarray)
%     if (SPGarray(k-1) > SPGarray(k))
%         disp(k);
%     end
% end
% disp(' to fix it, enter this command: ');
% disp('   SPGarray(364) = 1.15997; ');
% disp(' ');


