% Programming Fundamentals Using MATLAB, Michael Weeks Copyright 2020
% 
%
% Circular of the National Bureau of Standards, Table 114,
% Polarimetry, Saccharimetry and the Sugars
% by Frederick J. Bates and Associates
% May 1, 1942, pages 632-636
% http://www.boulder.nist.gov/div838/SelectedPubs/Circular%20440%20Table%20114.pdf
%
%

SPGarray2D = [0.0, 1.00000; ...
0.1, 1.00039; ...
0.2, 1.00078; ...
0.3, 1.00117; ...
0.4, 1.00156; ...
0.5, 1.00194; ...
0.6, 1.00233; ...
0.7, 1.00272; ...
0.8, 1.00312; ...
0.9, 1.00351; ...
1.0, 1.00390; ...
1.1, 1.00429; ...
1.2, 1.00468; ...
1.3, 1.00507; ...
1.4, 1.00546; ...
1.5, 1.00585; ...
1.6, 1.00624; ...
1.7, 1.00663; ...
1.8, 1.00702; ...
1.9, 1.00741; ...
2.0, 1.00780; ...
2.1, 1.00819; ...
2.2, 1.00859; ...
2.3, 1.00898; ...
2.4, 1.00937; ...
2.5, 1.00977; ...
2.6, 1.01016; ...
2.7, 1.01055; ...
2.8, 1.01094; ...
2.9, 1.01134; ...
3.0, 1.01173; ...
3.1, 1.01213; ...
3.2, 1.01252; ...
3.3, 1.01292; ...
3.4, 1.01331; ...
3.5, 1.01371; ...
3.6, 1.01410; ...
3.7, 1.01450; ...
3.8, 1.01490; ...
3.9, 1.01529; ...
4.0, 1.01569; ...
4.1, 1.01609; ...
4.2, 1.01649; ...
4.3, 1.01688; ...
4.4, 1.01728; ...
4.5, 1.01768; ...
4.6, 1.01808; ...
4.7, 1.01848; ...
4.8, 1.01888; ...
4.9, 1.01928; ...
5.0, 1.01968; ...
5.1, 1.02008; ...
5.2, 1.02048; ...
5.3, 1.02088; ...
5.4, 1.02128; ...
5.5, 1.02168; ...
5.6, 1.02208; ...
5.7, 1.02248; ...
5.8, 1.02289; ...
5.9, 1.02329; ...
6.0, 1.02369; ...
6.1, 1.02409; ...
6.2, 1.02450; ...
6.3, 1.02490; ...
6.4, 1.02530; ...
6.5, 1.02571; ...
6.6, 1.02611; ...
6.7, 1.02652; ...
6.8, 1.02692; ...
6.9, 1.02733; ...
7.0, 1.02773; ...
7.1, 1.02814; ...
7.2, 1.02854; ...
7.3, 1.02895; ...
7.4, 1.02936; ...
7.5, 1.02976; ...
7.6, 1.03017; ...
7.7, 1.03058; ...
7.8, 1.03098; ...
7.9, 1.03139; ...
8.0, 1.03180; ...
8.1, 1.03221; ...
8.2, 1.03262; ...
8.3, 1.03303; ...
8.4, 1.03344; ...
8.5, 1.03385; ...
8.6, 1.03426; ...
8.7, 1.03467; ...
8.8, 1.03508; ...
8.9, 1.03549; ...
9.0, 1.03590; ...
9.1, 1.03631; ...
9.2, 1.03672; ...
9.3, 1.03713; ...
9.4, 1.03755; ...
9.5, 1.03796; ...
9.6, 1.03837; ...
9.7, 1.03879; ...
9.8, 1.03920; ...
9.9, 1.03961; ...
10.0, 1.04003; ...
10.1, 1.04044; ...
10.2, 1.04086; ...
10.3, 1.04127; ...
10.4, 1.04169; ...
10.5, 1.04210; ...
10.6, 1.04252; ...
10.7, 1.04293; ...
10.8, 1.04335; ...
10.9, 1.04377; ...
11.0, 1.04418; ...
11.1, 1.04460; ...
11.2, 1.04502; ...
11.3, 1.04544; ...
11.4, 1.04585; ...
11.5, 1.04627; ...
11.6, 1.04669; ...
11.7, 1.04711; ...
11.8, 1.04753; ...
11.9, 1.04795; ...
12.0, 1.04837; ...
12.1, 1.04879; ...
12.2, 1.04921; ...
12.3, 1.04963; ...
12.4, 1.05005; ...
12.5, 1.05047; ...
12.6, 1.05090; ...
12.7, 1.05132; ...
12.8, 1.05174; ...
12.9, 1.05216; ...
13.0, 1.05259; ...
13.1, 1.05301; ...
13.2, 1.05343; ...
13.3, 1.05386; ...
13.4, 1.05428; ...
13.5, 1.05470; ...
13.6, 1.05513; ...
13.7, 1.05556; ...
13.8, 1.05598; ...
13.9, 1.05641; ...
14.0, 1.05683; ...
14.1, 1.05726; ...
14.2, 1.05769; ...
14.3, 1.05811; ...
14.4, 1.05854; ...
14.5, 1.05897; ...
14.6, 1.05940; ...
14.7, 1.05982; ...
14.8, 1.06025; ...
14.9, 1.06068; ...
15.0, 1.06111; ...
15.1, 1.06154; ...
15.2, 1.06197; ...
15.3, 1.06240; ...
15.4, 1.06283; ...
15.5, 1.06326; ...
15.6, 1.06369; ...
15.7, 1.06412; ...
15.8, 1.06455; ...
15.9, 1.06499; ...
16.0, 1.06542; ...
16.1, 1.06585; ...
16.2, 1.06629; ...
16.3, 1.06672; ...
16.4, 1.06715; ...
16.5, 1.06759; ...
16.6, 1.06802; ...
16.7, 1.06845; ...
16.8, 1.06889; ...
16.9, 1.06933; ...
17.0, 1.06976; ...
17.1, 1.07020; ...
17.2, 1.07063; ...
17.3, 1.07107; ...
17.4, 1.07151; ...
17.5, 1.07194; ...
17.6, 1.07238; ...
17.7, 1.07282; ...
17.8, 1.07325; ...
17.9, 1.07369; ...
18.0, 1.07413; ...
18.1, 1.07457; ...
18.2, 1.07501; ...
18.3, 1.07545; ...
18.4, 1.07589; ...
18.5, 1.07633; ...
18.6, 1.07677; ...
18.7, 1.07721; ...
18.8, 1.07765; ...
18.9, 1.07809; ...
19.0, 1.07853; ...
19.1, 1.07898; ...
19.2, 1.07942; ...
19.3, 1.07986; ...
19.4, 1.08030; ...
19.5, 1.08075; ...
19.6, 1.08119; ...
19.7, 1.08164; ...
19.8, 1.08208; ...
19.9, 1.08252; ...
20.0, 1.08297; ...
20.1, 1.08342; ...
20.2, 1.08386; ...
20.3, 1.08431; ...
20.4, 1.08475; ...
20.5, 1.08520; ...
20.6, 1.08565; ...
20.7, 1.08609; ...
20.8, 1.08654; ...
20.9, 1.08699; ...
21.0, 1.08744; ...
21.1, 1.08789; ...
21.2, 1.08834; ...
21.3, 1.08879; ...
21.4, 1.08923; ...
21.5, 1.08968; ...
21.6, 1.09013; ...
21.7, 1.09058; ...
21.8, 1.09103; ...
21.9, 1.09149; ...
22.0, 1.09194; ...
22.1, 1.09239; ...
22.2, 1.09284; ...
22.3, 1.09329; ...
22.4, 1.09375; ...
22.5, 1.09420; ...
22.6, 1.09465; ...
22.7, 1.09511; ...
22.8, 1.09556; ...
22.9, 1.09602; ...
23.0, 1.09647; ...
23.1, 1.09693; ...
23.2, 1.09738; ...
23.3, 1.09784; ...
23.4, 1.09829; ...
23.5, 1.09875; ...
23.6, 1.09921; ...
23.7, 1.09966; ...
23.8, 1.10012; ...
23.9, 1.10058; ...
24.0, 1.10104; ...
24.1, 1.10149; ...
24.2, 1.10195; ...
24.3, 1.10241; ...
24.4, 1.10287; ...
24.5, 1.10333; ...
24.6, 1.10379; ...
24.7, 1.10425; ...
24.8, 1.10471; ...
24.9, 1.10517; ...
25.0, 1.10564; ...
25.1, 1.10610; ...
25.2, 1.10656; ...
25.3, 1.10702; ...
25.4, 1.10748; ...
25.5, 1.10795; ...
25.6, 1.10841; ...
25.7, 1.10887; ...
25.8, 1.10934; ...
25.9, 1.10980; ...
26.0, 1.11027; ...
26.1, 1.11073; ...
26.2, 1.11120; ...
26.3, 1.11166; ...
26.4, 1.11213; ...
26.5, 1.11260; ...
26.6, 1.11306; ...
26.7, 1.11353; ...
26.8, 1.11400; ...
26.9, 1.11447; ...
27.0, 1.11493; ...
27.1, 1.11540; ...
27.2, 1.11587; ...
27.3, 1.11634; ...
27.4, 1.11681; ...
27.5, 1.11728; ...
27.6, 1.11775; ...
27.7, 1.11822; ...
27.8, 1.11869; ...
27.9, 1.11916; ...
28.0, 1.11963; ...
28.1, 1.12010; ...
28.2, 1.12058; ...
28.3, 1.12105; ...
28.4, 1.12152; ...
28.5, 1.12199; ...
28.6, 1.12247; ...
28.7, 1.12294; ...
28.8, 1.12341; ...
28.9, 1.12389; ...
29.0, 1.12436; ...
29.1, 1.12484; ...
29.2, 1.12532; ...
29.3, 1.12579; ...
29.4, 1.12627; ...
29.5, 1.12674; ...
29.6, 1.12722; ...
29.7, 1.12770; ...
29.8, 1.12817; ...
29.9, 1.12865; ...
30.0, 1.12913; ...
30.1, 1.12961; ...
30.2, 1.13009; ...
30.3, 1.13057; ...
30.4, 1.13105; ...
30.5, 1.13153; ...
30.6, 1.13201; ...
30.7, 1.13249; ...
30.8, 1.13297; ...
30.9, 1.13345; ...
31.0, 1.13394; ...
31.1, 1.13442; ...
31.2, 1.13490; ...
31.3, 1.13538; ...
31.4, 1.13587; ...
31.5, 1.13635; ...
31.6, 1.13683; ...
31.7, 1.13732; ...
31.8, 1.13780; ...
31.9, 1.13829; ...
32.0, 1.13877; ...
32.1, 1.13926; ...
32.2, 1.13974; ...
32.3, 1.14023; ...
32.4, 1.14072; ...
32.5, 1.14120; ...
32.6, 1.14169; ...
32.7, 1.14218; ...
32.8, 1.14267; ...
32.9, 1.14316; ...
33.0, 1.14364; ...
33.1, 1.14413; ...
33.2, 1.14462; ...
33.3, 1.14511; ...
33.4, 1.14560; ...
33.5, 1.14609; ...
33.6, 1.14658; ...
33.7, 1.14708; ...
33.8, 1.14757; ...
33.9, 1.14806; ...
34.0, 1.14855; ...
34.1, 1.14904; ...
34.2, 1.14954; ...
34.3, 1.15003; ...
34.4, 1.15052; ...
34.5, 1.15102; ...
34.6, 1.15151; ...
34.7, 1.15201; ...
34.8, 1.15250; ...
34.9, 1.15300; ...
35.0, 1.15350; ...
35.1, 1.15399; ...
35.2, 1.15449; ...
35.3, 1.15498; ...
35.4, 1.15548; ...
35.5, 1.15598; ...
35.6, 1.15648; ...
35.7, 1.15698; ...
35.8, 1.15747; ...
35.9, 1.15797; ...
36.0, 1.15847; ...
36.1, 1.15897; ...
36.2, 1.15947; ...
36.3, 1.15597; ...
36.4, 1.16047; ...
36.5, 1.16098; ...
36.6, 1.16148; ...
36.7, 1.16198; ...
36.8, 1.16248; ...
36.9, 1.16298; ...
37.0, 1.16349; ...
37.1, 1.16399; ...
37.2, 1.16449; ...
37.3, 1.16500; ...
37.4, 1.16550; ...
37.5, 1.16601; ...
37.6, 1.16651; ...
37.7, 1.16702; ...
37.8, 1.16752; ...
37.9, 1.16803; ...
38.0, 1.16853; ...
38.1, 1.16904; ...
38.2, 1.16955; ...
38.3, 1.17006; ...
38.4, 1.17056; ...
38.5, 1.17107; ...
38.6, 1.17158; ...
38.7, 1.17209; ...
38.8, 1.17260; ...
38.9, 1.17311; ...
39.0, 1.17362; ...
39.1, 1.17413; ...
39.2, 1.17464; ...
39.3, 1.17515; ...
39.4, 1.17566; ...
39.5, 1.17618; ...
39.6, 1.17669; ...
39.7, 1.17720; ...
39.8, 1.17772; ...
39.9, 1.17823];

